spawn2:
  0ig:
    world: world
    x: 39.5505893659598
    y: 203.0
    z: 36.04251219799696
    yaw: 0.8171774
    pitch: 58.539062
  x: 0.0
  y: 0.0
  z: 0.0
  yaw: 0.0
  pitch: 0.0
