hi:
  world: world
  x: 122.65294895435564
  y: 208.0
  z: -75.0613387909473
  yaw: 176.1
  pitch: 37.499996
