home1:
  world: world
  x: 34.50346561007521
  y: 91.49064320585485
  z: -15.974376273428502
  yaw: 92.191345
  pitch: 15.149993
home2:
  world: world
  x: 37.77306781322789
  y: 201.0
  z: -17.699999988079067
  yaw: 44.3208
  pitch: 17.290657
home3:
  world: world
  x: 127.47828958200357
  y: 208.0
  z: -80.14984883041227
  yaw: 169.76819
  pitch: 17.859444
FUTURESPAWN:
  world: world
  x: 122.0
  y: 208.0
  z: -84.06116102235228
  yaw: 0.0
  pitch: 0.0
