jails:
  jail1:
    world: 6c150585-6c09-4de9-8185-3b5928aebcfd
    world-name: world
    x: 23.300000011920925
    y: 201.0
    z: 6.699999988079072
    yaw: 153.96722412109375
    pitch: -44.999996185302734
  jail2:
    world: 6c150585-6c09-4de9-8185-3b5928aebcfd
    world-name: world
    x: 23.30000001192093
    y: 201.0
    z: -27.30000001192093
    yaw: -114.83279418945312
    pitch: 6.750008583068848
